[array([-11.0499679 ,   7.80865428,  -4.24403888,  24.84160227,
        -8.3533724 , -34.63215946,  15.67074855,   6.86602092,
         4.25129574,  43.5772001 ,  -1.7299458 ,  17.12053284,
         9.41631927,  -5.81286848,  -6.54415454, -41.56194121,
       -18.50451968, -11.97087687,  -1.55539957,   9.2800865 ,
         2.65234791,   9.5487873 ,   1.11206136,  16.59689219,
        10.74581649, -26.08118341, -27.46440296, -10.18415737,
       -44.81084455,   5.83514962,  -7.93480525,  10.36919916,
         4.20911667,  -5.13523582,   4.61519703,   4.6472415 ,
        -0.16791777, -23.74236697, -28.59109756,   3.54344597,
       -28.6373531 ,  -2.59851818,  21.59108135,  -7.51479259,
         1.8867994 , -13.55405813,  26.431269  , -21.11165163,
         1.27543304,  20.62720021,  -7.27059312,  -2.59448495,
        -2.62633121,   2.34239894,  -3.733135  ,  23.84163807,
        16.90632694,  17.40791473,   6.77873419,   6.21705562,
         3.48856997,  -4.70997299, -24.27555424,  -3.90610127,
        11.28070513, -10.46901906, -14.63601265,  -5.18431254,
       -47.06378058, -15.50045828, -10.18276913, -36.82906249,
         2.16244019,  10.03822398,   3.7857642 ,   9.46712941,
        -6.99341125,  29.5312044 ,   1.03654286, -18.3963311 ,
        24.07847694,  -9.01971269, -15.24531265,   3.36948201,
        -2.01802488,   3.97522824, -27.28563544, -19.86911961,
        -4.27682945,  22.48623943, -13.17927667,  12.03295327,
       -22.39954701,  14.02685675, -24.5592626 , -39.26187798,
        -1.30268681, -14.59308103,   6.07427857,   6.70386876,
        18.23055733,  -5.58396436, -15.43698135,   9.64717613,
         6.47881657, -34.95808535, -21.57744906,  -0.85507955,
       -18.8646767 ,  -5.85576542, -29.86474169, -28.74988393,
         2.08543813,   3.44544344, -25.51322457,  -9.32726796,
        16.04105689, -10.2474792 ,  -3.70504536,  -2.99971491,
         7.28161752,  12.99645243,  -3.1835953 ,   3.27636683,
        17.76087764, -13.33548314,  -0.23940605,  -8.44990548,
       -25.98494184,   9.14210995,   0.8050948 , -15.99278021,
        -9.85796776,  18.67209593,  37.4965885 ,   4.36795221,
       -11.31569906,   9.7957286 ,   6.5327853 ,  -1.08821149,
         5.96471363,  -8.97756048, -10.30585884,  -1.52034354,
        10.52162427,  16.84914024,   5.71881333,   6.96696373,
       -19.11087809,  -4.49431266, -29.47607231,  45.46071502,
        22.75024476,  -9.00250928,  -5.7788931 ,  10.37566064,
        -4.04960103,  20.18907722,  -6.65548611,  -7.18646015,
       -15.63187629,  -7.71389134, -20.78125684,  41.61725671,
         2.72629552,  -7.186264  , -16.04724303,   2.33372356,
         7.37959656,  -2.03030867, -14.08625406,  -9.44511559,
       -10.46452621,  22.28921479, -25.77723104, -17.79936087,
        15.57852688, -10.59286389, -17.09147174,   0.50359437,
        11.26867584, -20.0998275 ,   3.91338949,   2.65761172,
         3.90440461,  23.49563416, -21.7027714 ,  -4.69447069,
        34.03872849,  17.49239206,  20.3102404 , -32.07776941,
        -2.29050845,  26.34705111, -31.43543816, -30.9866057 ,
        -2.76639321,   7.99137788,  17.27106975,  -3.25327126,
        -9.63699713,  -3.43064386,  16.14383198, -31.96195327,
       -16.66767491,  10.73334243, -10.77570082,  -6.78350328,
        19.48839697,  18.10937026, -11.19264169,   0.17612893,
        -7.40525007,  29.3373823 , -18.5679311 , -19.75623092,
       -13.9491342 ,   4.65123361,  25.25944773,  12.15048473,
        -3.16939327,  -4.54169595,  19.73269286,  -0.75235495,
         3.43043283,  -5.5080817 ,  52.14672107,   3.41143754,
       -22.38366628,   6.01549816,  15.67908597,   9.73444745,
        -7.87599157,   4.80828305,   2.28700884,   0.78445623,
         2.63875557,   2.68207296,  -1.31751353, -12.87408832,
         1.75415921,  14.88509439,  18.73237655,  37.72034256,
       -10.41342949, -22.31219985, -19.45125645,  20.51001299,
         7.38008195,   3.82384177,  -1.92398857, -14.21222915,
       -26.75317484, -10.65666517, -22.73124712,  21.47232636,
       -20.67368091,  -5.78739183, -33.49300992,   5.12664425,
        -3.61875432,   3.19983712,  19.6385204 , -22.83673775,
        16.39712443,  -7.77895149, -28.36385772,  24.09204486,
        24.50076424,  -9.69009686,   3.54552148,  31.28663799,
         4.14651957, -30.3473383 , -18.47793186, -39.24871105,
         6.74528895, -38.51916901,  26.68885809,  20.88550363,
        -5.04395691,  27.44251688, -19.96371762,  -9.93752687,
        -6.76053569,  -8.01096179, -11.43924366, -16.90169604,
        40.44265732,   0.48549252, -29.36658734,  13.94248686,
       -12.35577075,  -9.0666023 ,  10.37982597,   3.18016269,
       -19.08907939, -16.3669179 , -42.65501738,   9.4992831 ]), array([  7.26179934,  -2.51742956,   1.47542972,  -2.59605275,
        -0.08255792,  -6.82170093,   0.68941185,   8.13680509,
         7.8233494 ,   6.10988832,   1.40352758,   0.33617781,
         0.39005089,  -0.31713026,   0.45671709,  -4.06479073,
         2.92250883,   0.3954662 ,   1.51267572,   2.85488117,
         4.00109428,  -2.62608861,  -4.89385427,   0.27167219,
         1.04228896,  -0.80862807,  -6.89682098,  -4.75463372,
        -5.01024939,   1.52116971,  -2.70341925,   0.07946451,
         0.80373024,   2.55649459,  -1.91580606,  -0.81470838,
        -1.76852542,  -9.57755107, -11.14719432,   6.02448627,
        -4.49260157,  16.63316332,   4.29879919,   1.24751601,
        -3.31413592,  -8.87552245,   0.76121334, -11.57246426,
        -2.90556316,   0.930082  ,  -6.77502388,   7.21446717,
         3.43705015,  -4.15521033,  -1.25353613,   4.98669185,
         2.75508623,  -0.05481331,   9.24590717,  -3.32178175,
         7.05664777,  -9.17820701, -12.55851742,  -3.13898194,
        -4.25393467,  -4.62730899,  -3.99259574, -11.70864058,
       -18.72530413,   6.73788798,  -2.0021099 ,  -6.48583685,
         7.11493318,  -3.54725192,   9.65060642,   2.9649763 ,
         5.39129217,   5.16994277,   5.18532425,  -0.86103429,
         6.11012909,  -7.06803628,  -3.35494344,  -1.05848682,
        -5.18731559,  -1.40125171, -14.08818114, -13.033135  ,
         4.00920445,   0.35796492,   2.25345789,  13.11666423,
        -2.10087322,  10.11525037,  -1.59550688, -13.43378824,
        -0.71249743,  -7.30931032,   4.00607554,   5.78981744,
        -1.68523127,  -2.96400975,   2.03214532,  -5.13617408,
         4.69345078,   0.63584239,  -1.55171779,  -1.85794253,
        -9.85079783,   3.6560055 ,  -6.14220704,   0.11948285,
         2.13189404,   0.88692646,  -5.88124119,   2.99593213,
         7.83165553, -12.51177663,   0.99772265,   3.35919187,
        -1.34309556,   6.19791743,   3.56324176,  -4.84528989,
         6.34960154,  -6.6979762 ,  -3.7820175 ,   0.97512081,
        -1.35194445,   0.66125154,   5.97779141,   6.37869331,
       -10.05963147,   3.30372943,  -1.0111869 ,   2.67651939,
        -0.67330095,   6.45472999,   2.69842988,   4.53595742,
         4.18226805,  -8.84654413,  -6.29222792,   1.91787748,
        -2.99758871,   2.23734421,  -1.27259818,   5.9238742 ,
       -13.17050436,  -6.14852983,  -3.12185587,   6.13020504,
        -2.74965919,   8.3741339 ,  -2.58430538,   9.38177997,
        -6.13217905,   5.12204186,   3.73097368,  -0.18460872,
        -3.83005732,   6.09420013,  -4.91370711,   5.35550508,
        -6.22303849,  -0.57102378,  -2.59532739,  -3.22525738,
         2.90052249,   5.05495855, -14.73660928,  -2.39746976,
        -1.65392146,  -4.68046874,  -4.59791031,  -3.29088514,
         5.17841897, -10.65331762,  -5.69797421,   3.3546167 ,
        -0.36582896,  -1.4672772 ,  -9.15772489,   3.07370743,
         4.86538894,  -1.66821868,   7.04070032,  -0.72365642,
        10.21783911,   2.78089933,  -4.1357529 ,  -8.00736398,
        -0.3238606 ,  -0.12682966,  -6.25328505,  -9.60781397,
         1.40137893,   7.56844003,  -0.06365691,  -3.96883747,
        -1.93315664,  -3.77838087,  10.56279431,  -5.95286955,
        -6.5567452 ,  -4.84864631,  -6.87973353,   5.11200927,
         7.87160656,   8.67752564,   1.76363026,  -6.45040801,
        -1.60415889,   9.57657273,   0.41550376,  -0.50223781,
        -3.4382869 ,   2.6373902 ,   6.87101544,   5.47579002,
        -0.44571581,   7.37622227,   6.44588941,   0.05505839,
         4.90075839,   0.42086643,  14.18018675,  -5.55357097,
        -2.90003964,   0.08626333,   3.81103634,  -6.12197387,
         5.66875136,   3.58810219,   2.3308791 ,  -7.50795758,
       -14.44095719,   4.60968684,  -6.84830192,   2.87694982,
        -1.81265733,  -9.9978383 ,   4.11720788,   0.55156812,
         2.26844085,  -0.92902444, -11.03946561,   1.6719033 ,
        -9.33209508,   3.02018819,  -2.53265837,  -6.71170406,
        -0.24473009,   2.41618381,  -4.94254576,   0.05528117,
        -8.70050403,  -8.22269186,  -3.91974318,   2.66668811,
         2.49142015,  -1.09233218,  -2.6838356 ,   2.93424684,
         1.40822348, -16.29545693, -10.94001794,   7.45088768,
        -0.22081442,  -3.27542607,  -1.10497831,  -1.61094308,
         5.32943869,  -4.25708234,  -2.08016175,   1.22877684,
        -0.34457113,   0.31831597,   6.58227451,  -0.89305435,
         8.74574888,   5.89555513,   4.2636471 ,  -2.81418468,
         1.80145152,  -7.51987211,   2.30409592,  -5.97922421,
        -0.97891164,   0.64488682,  -1.39360222,   2.70670387,
        -3.53796253,  -8.62844767,   2.98809832,   0.35749856,
         5.42549055,  -8.49372628,  -9.07992601,   2.91048732]), array([ -0.37027645,   2.6269936 ,  13.65069336,  12.8170457 ,
         7.29412074, -10.14909339,   0.17496651,   0.85718897,
         5.31664953,  10.04330572,  10.91935673,  -3.68304887,
        21.19786505,  -5.81302804,   7.99563117,   3.27718551,
        -6.5670702 ,  -1.5198371 ,   7.27189687,  -4.4853712 ,
        11.57063767,   8.70071167,   8.85827396, -15.76882505,
        13.51107602, -10.21219625,  -4.30074914,  -5.51761336,
        -4.79829104,   0.22219433,  -4.42634678,   9.81514623,
        11.68373097,  -6.4901214 ,   8.67171313,   5.18112265,
        -4.388863  ,  -3.2629225 ,   0.15307982, -10.66828787,
        -7.76829782,   9.43358506, -10.09926585, -11.93338129,
        -4.21153472,  -9.58440997,   9.8631711 , -11.55788762,
         8.17041601,  -0.22900673,  -3.00992315,  -3.06715295,
         8.93789848,  -7.45349157,  16.8640832 ,  18.88415086,
        14.47665215,   2.71765068,   4.38579317,   4.0333544 ,
        15.12139266, -21.0476574 ,  -0.84849359,   0.30705058,
        -1.21736836, -14.2426208 ,  -5.98714682, -18.59268919,
       -17.6500234 ,  -0.624654  ,  14.30641574, -20.13395248,
        -0.29230569, -10.77048465,   0.41720662,   0.83185443,
         4.67729123,  -4.13565918,  -2.8394746 ,   2.5933513 ,
        -1.03681561,  -5.81998447, -17.96754132,   5.70367146,
         2.45027549,  10.95290689,   4.01308525,   5.55941278,
        -0.75489204,   2.96653695,  -9.87136632,  19.52069348,
        -6.3328815 ,   6.03641205,  -9.40908733, -11.4946686 ,
        -6.84133245, -23.71145785,   6.45123768,   9.24611848,
        -5.39620006,   4.66316843, -10.73128116,  -4.31004801,
        14.8333396 , -15.29091795,   0.68351356,   2.46231007,
       -17.7677477 , -10.28336245, -25.76593862,  -1.6760104 ,
       -11.84640059,   8.00913687,  -1.93906211,   2.43555775,
         7.39259877,  -4.55526224,  -3.9147077 ,  16.51389253,
         7.75647572,  -1.01962632, -13.78463583, -18.41941234,
        11.43422045,   8.44361314,   3.82192597,  11.40751252,
         4.73166209,   0.54120928,   6.13167047,  -7.44992143,
       -17.59929441,   0.68396574,  24.46043596,   1.57880478,
         2.4379486 ,   4.18682854,  10.76547121,   5.24513906,
         7.81939386,   1.1638619 ,  -5.15485966,   7.24716084,
         6.0935873 ,   1.6942122 ,  -6.16307685,  10.93545133,
       -25.44787954,  -2.79258811,  -3.69711313,  29.73760656,
         1.5377624 ,  -1.19577032,   0.61614364,   8.65652892,
         8.49803327,   3.06101061,  -1.49099533,  -1.45985209,
       -13.61717603,  -8.87129039,  -2.60039545,   9.9587191 ,
       -14.40517168,  -2.39584273,   9.56073092,   0.14089417,
         2.75169102,  -9.7158049 ,   4.05860522, -17.41554561,
        11.05706941,   4.11730903, -13.05838209,   8.31711749,
        15.70157387,   0.96619983,   2.27809595,   7.95612566,
        12.62263963,  10.88112862,  -5.71120355,  -3.49267361,
        -7.02065562,  -7.22091532,  -2.33460574, -14.52934098,
         6.63040838,  18.63336746,   4.38415889,  -2.28540543,
       -11.05434549,   4.53817057, -25.00725886,  -5.61699782,
        -2.03028417,   6.88549224,  -1.27905983,  13.40157535,
        -6.09281301,   5.51027431, -11.26575825,   4.3560565 ,
         1.82555029,   8.35124658,  -1.91727781,  10.96098242,
        10.84544855,  -5.15390691,  10.66247392,   0.77050203,
         4.24192537,  -6.17704206,  -6.68535397,   1.50577284,
       -18.7809142 ,  -5.27694987,  22.24279669,  -1.69177449,
        16.00940928,   0.92794123,  28.58418046,  -2.75754147,
        15.02619377,  -9.56776883,  16.0436205 ,   3.70371135,
       -19.93595991,  14.66592339,   6.91813072,  -1.32876971,
         3.21001238,   4.5727216 ,  -0.33229981,  -5.97208804,
        -0.87678158, -12.60649106,  13.16405392,  -7.50098962,
         8.2779856 ,  -0.22569494,  -0.04092568,  -2.02883041,
         3.87773658,  -3.43655017,  11.36876416,  -6.88832155,
        -8.43737004,   1.31721096, -10.12549226,  -9.48953245,
         3.91531384,  -5.25444974,  -9.71062159,  11.67906708,
       -17.50583468, -16.89667743,   1.71179014,  -1.44314578,
         6.14727902,  -2.66003057,  -2.68431616, -10.17557673,
         9.49675707,  -0.0389453 ,  -9.18597157,   2.77927133,
        -0.46775497, -15.84058258, -19.95961531,   5.05080944,
         8.73193376, -10.02785325,   1.09429041,  -9.45949855,
         6.8992822 ,  -2.52623941,  10.16719061,   2.00208329,
        -1.77691439,  14.27280986,   9.15275361,   6.18051048,
         6.12916051, -14.12154439, -16.69769019,   2.76410413,
        -8.43029929,   1.31669676,   6.86364302,  -8.19785429,
         7.38760269,  -1.0572774 ,   4.33453806,   7.13463789,
        10.1540805 , -13.953974  , -14.69146295,   9.93537924]), array([-9.16578770e-01,  6.88894422e+00,  5.58901417e+00,  1.39919474e+01,
        1.37742966e-01, -1.27933063e+01,  2.08241493e+00, -1.29606507e+01,
       -5.06809575e+00,  2.81135517e+01,  6.54812721e+00,  6.81694387e+00,
        8.45806371e+00,  4.91470307e-01, -2.85604267e+00, -1.27537855e+01,
       -1.33528401e+01,  6.75732225e+00,  2.13709210e+00,  2.70353147e+00,
        1.53231949e+00,  3.34793900e+00, -4.56597250e-01,  2.18033795e+00,
        6.02530046e+00, -1.13949138e+01, -2.20245161e+01,  8.83959843e+00,
       -6.34326581e+00, -9.24852334e+00,  9.94233578e+00,  3.16320103e+00,
        1.42550228e+01, -3.53883967e+00,  2.54016268e+00, -2.84644965e+00,
        3.13505818e+00, -1.08793749e+01, -7.59860748e+00,  4.70103951e+00,
       -2.10179213e+01,  1.33549810e+01,  3.15961319e+00, -1.62222101e+01,
        1.08290860e+01, -8.67958617e+00,  1.67330331e+01, -8.13269717e+00,
       -2.69553258e-01,  1.05496650e+01,  1.57271250e+00,  1.13216211e+01,
       -3.12975749e+00,  1.74964162e+01, -5.73232780e+00,  3.47459295e+00,
        3.87672497e+00,  1.85908864e+01,  1.19963169e+01, -2.58602852e+00,
        1.47051655e+01, -2.77594517e+00, -1.30115697e+01, -1.42138444e+00,
        1.30201308e+01, -2.80721328e+00, -1.43162250e+01,  6.31521574e+00,
       -2.50688570e+01, -7.14618549e+00, -1.99542889e+00, -1.37749436e+01,
        6.31085053e+00,  2.69639552e+00,  1.87571000e+01,  6.18715632e+00,
        1.13386202e+01,  1.62767822e+01, -2.00602782e+01, -1.09536438e+01,
        8.75368768e+00,  5.42615847e+00, -4.29658517e+00,  4.24994290e+00,
        2.06076197e+00,  1.45169356e+00, -6.40175378e+00,  3.80539858e+00,
       -1.06308728e+01, -4.48614788e+00, -7.14547901e+00, -5.33569282e-01,
       -1.86322303e+01, -1.41621774e+00, -8.95874785e+00, -3.31044029e+01,
       -5.80462515e-01, -1.50656978e+01,  1.00199065e+01,  1.15356562e+00,
       -1.09726217e+01, -1.13258290e+00, -2.43751082e+01,  2.64166741e+00,
        1.13131390e+01, -1.26550761e+01, -1.40783542e+00,  5.38193828e+00,
       -1.37035017e+01,  5.66176015e+00, -1.05636843e+01,  9.47350027e+00,
       -1.31386005e+01, -1.44868189e+01, -2.18720206e+01, -1.09005310e+01,
        1.16432568e+01, -8.89803797e+00, -1.13279151e+01,  9.28757671e+00,
        6.76758318e+00, -7.43143967e+00, -5.16950104e+00,  5.63575466e+00,
        2.35511710e+00, -4.38625436e+00,  1.75500073e+01,  1.69894047e+00,
       -4.38721305e+00,  1.24197140e-01,  8.41314782e+00, -2.93015168e+00,
       -1.25785750e+01,  1.32273264e+01,  1.62260839e+01,  3.58439980e+00,
       -3.50214368e+00,  5.03118838e+00,  1.92533227e+01, -8.54956197e+00,
        2.38890814e+00, -2.38364965e+01, -6.36607286e+00, -9.89236230e+00,
        5.50459508e+00, -2.08424330e-01, -3.88064906e-01, -2.20165537e+00,
       -5.67307270e+00, -2.93089875e+01,  4.93551724e+00,  6.60512182e+00,
        1.85314071e+01, -1.00634378e+01,  2.88698132e+00,  1.17471648e+01,
       -9.73340921e+00, -8.47844815e+00, -4.68071598e+00,  6.13665347e+00,
       -1.66278117e+01,  9.83691712e+00, -2.19724299e+01,  1.81642991e+01,
       -4.36454744e+00, -2.34906876e+01, -1.67511778e+01, -2.16180503e+00,
        6.02495970e+00,  1.06692437e+01, -4.83595384e+00, -1.63894490e+01,
       -1.49231919e+01,  1.91600573e+00, -2.41273822e+01, -1.02115017e+00,
       -1.33258711e+01, -2.27595307e+00, -8.83066866e+00, -3.24459733e+00,
        1.57097978e+01, -8.60724759e+00, -1.56396759e+00,  8.05680025e+00,
       -5.91360728e+00, -2.69841120e+00,  2.11723454e+00, -6.31401891e+00,
        9.06898740e+00, -5.99183798e-01,  3.40153880e+00, -1.81523030e+01,
       -2.51724562e+00,  8.69489449e+00, -5.25660768e+00, -1.45080943e+01,
       -2.95252575e+00,  3.71738662e+00, -2.72671171e-01, -4.28540294e+00,
       -2.02492319e+01,  3.26688665e+00, -7.16875646e+00, -7.20636195e+00,
       -1.12942071e+01, -6.03626138e+00, -3.17089891e+00,  4.75230212e+00,
        1.35807391e+01,  8.05965358e+00,  6.15388423e+00,  7.01132056e+00,
        5.69417626e-01,  2.06606325e+01, -4.44956207e+00, -1.51583580e+01,
       -9.92005992e+00,  2.98280135e-01,  1.44308560e+01,  7.42561226e+00,
       -1.02944371e+01,  3.74874663e+00,  1.20639786e-01,  2.83345941e+00,
        2.32450102e+00, -1.75726533e-01,  2.27513772e+01,  2.87763849e-01,
       -1.90573084e+00,  1.05286300e+00, -4.51008990e+00,  6.96679938e+00,
       -1.34077287e+01, -7.21093565e-01,  8.82435414e+00, -9.19570535e-01,
       -4.39599127e+00, -4.26939466e+00,  1.07192222e+01, -9.11679381e+00,
        7.61017149e+00,  4.90544571e+00, -1.08837829e+01,  2.03294469e+00,
        7.36527573e+00, -1.87497068e+01,  1.21211402e+00,  1.58005234e+01,
       -5.18250805e+00, -3.97288996e+00,  9.63339105e-01, -1.60692944e+00,
       -2.21754681e+01,  2.56698875e+00, -2.16481791e+01, -9.26092574e+00,
       -6.07752104e+00, -1.22361573e+01, -4.39158704e+00, -7.97467187e+00,
        1.79851148e+00, -1.50759774e+00,  1.44087788e+01, -2.13929122e+01,
        8.55234331e+00, -6.56000692e+00, -2.05416365e+01,  1.31498427e+01,
        6.82688347e+00,  3.26671273e+00,  1.70093952e+01,  3.99159122e+00,
        9.45934834e+00, -1.64188016e+01, -1.04494115e+01, -1.45601272e+00,
       -1.15983318e+01, -1.21384911e+01,  2.40075044e+01,  3.11226621e-02,
        6.43671073e-01,  7.24743640e+00, -1.18698651e+01,  2.26470143e-01,
        5.85073362e+00, -7.13393528e+00,  6.48868060e+00, -3.68839324e-01,
        1.20061395e+01, -4.07815254e+00, -1.13604153e+01,  8.12551306e+00,
       -1.15385748e+01, -2.35536942e+01,  1.36575317e+01,  7.13523846e+00,
       -1.36736362e+01, -6.73973521e+00, -1.91011494e+01, -1.56218870e+00]), array([ -2.93063715,  -1.20717297, -11.64033925,  17.11155805,
         1.39163828, -21.19042398,   8.99014479,  -3.62571574,
         5.04882077,  14.06419057,   5.55349698,   7.4699363 ,
        11.19107407,  -5.36203714,  -4.71910998, -14.40094861,
         5.45301516, -10.09770078,   6.00409846,   6.16899517,
         0.3091013 ,   0.59995735,  -0.53146641,  -4.78030775,
         8.62002599, -15.57302216, -13.91408537,   1.23094243,
       -12.37175548, -18.67851439,  -3.51076897,  12.21481901,
         3.93078198,  15.76449835,   3.0490012 ,   2.48891281,
        -9.14978318, -11.04886711, -13.22825801,   8.18950935,
        -9.32935944,  16.84731658,   2.45324956, -14.95451543,
         4.40041374,  -3.24524418,   4.64789704, -13.74104802,
         1.58070664,   6.0423868 ,  -2.50215691,   7.5370312 ,
         3.39817727, -10.71578087,   4.42581981,   4.19114056,
         8.46411094,  12.57828429,   6.011403  ,   0.27163571,
        10.01851559, -22.19168219, -11.88436032,  -9.78107122,
         8.65651388,  -8.78786518,  -8.07757034, -12.89032558,
       -17.71192604,  -1.04979438,   4.51790616, -15.84168065,
         1.636659  ,   6.48014802,  -0.91771221,   2.5572106 ,
         9.18735555,  -3.92279875,   3.80506179,   6.00476541,
         6.44257042, -15.04760014, -18.93884668,  10.64996853,
        -1.80300108,  -0.73516162, -20.57689393,  -2.95499462,
         5.16703959,  -7.21443763,  -8.17756575,   8.65548446,
       -13.38504332,   8.65408984,   3.67960671, -12.43981987,
        -3.7054494 , -16.58426195,   0.56504206,   2.17468753,
        -4.59601563,  -4.32093179, -10.59247923,  -9.58803791,
        16.98797762, -11.5553755 ,  -4.51583278,  10.74527413,
       -22.21995616,  -5.27074744, -20.95803936, -10.46530561,
        -3.76597373,   6.93984769,  -7.45985329,  -9.79955629,
        12.29908764,  -7.66211843,  -3.33504885,  12.75214557,
         0.30821204,  -4.18259382,  -0.65776545, -12.39260629,
        11.88816328,   1.6886448 ,   1.840177  ,   9.37614587,
       -10.88076447,  -0.06737404,   1.13264449,   2.54896596,
        -9.40506275,   5.46688509,   9.33128071,  18.7349792 ,
         7.49682891,   9.76703827,   9.44952364,   3.28497167,
         4.34031802, -10.29119262,  -1.87751982,   5.28880645,
         4.87795651,   7.20822497,   0.80387738,   8.05749691,
       -28.11093876, -18.42235774, -15.11093069,  21.30833387,
        -5.15073684,  -2.59294474,  -3.52649906,   7.07281603,
         4.00514971,  -8.52222042,  -0.15219992,   3.37405626,
       -15.22890294,  -0.10588077,  -1.25277552,   3.49199412,
       -18.20049068,  -7.81766942,   5.00993145,  -9.2378661 ,
         5.109     ,   8.69823752, -12.17805186, -19.45614454,
        -4.89848471,   4.7519041 ,  -2.69999787,   5.52127516,
         3.59990627,  -7.25023321,   1.32112746,   3.76841497,
        -1.30746776,  -3.49703904, -13.8723616 ,   7.44366074,
         5.84445504,  -8.74454937,   4.17194398,  -5.74943174,
        16.2603823 ,  12.91073423,  -4.94121924, -16.91699699,
        -7.56989057,   4.20808186, -17.78813934, -13.50887766,
         3.038359  ,   8.7671807 ,  -6.49327496,   8.02031196,
       -15.46462134,  -0.76746511,  14.83330181, -11.24843755,
         1.02861257,  -5.47111188,   1.90543884,   3.6062452 ,
        11.70304173,   4.29329327,   8.61461946,   0.79431762,
        -4.6807566 ,  14.81638476, -13.23698121,  -4.17963314,
       -10.07466373,   1.74459749,  19.00974916,   1.24431655,
         6.10698444,   7.45754136,  11.41358042,  10.3628495 ,
         8.38873431,  -4.38169596,  12.7350024 ,  -7.28790224,
       -12.7172004 ,  15.77546191,   6.24387304,  -0.13426054,
        15.07643959,   3.90312995,  -1.32091426, -10.80303954,
        -1.83236419,   1.94791322,  -4.2522836 ,   5.57406336,
        -4.1762788 ,  -5.42867267,   9.39813206,   4.34341255,
        11.58673855,  -9.35949473,  -0.90799592,  -3.36071763,
        -8.88179976,   2.83635265,  -6.82548448,  -1.88404882,
       -10.35733382,  -0.53402328,  -7.0412908 ,  11.17183135,
       -16.45632014, -19.01301664,  -7.61107692,   3.72253358,
         8.51516195,  -5.76996589,  -2.71959379,  -8.13222831,
         0.99094428, -19.4471992 , -13.53557765,  15.22148591,
        11.7716151 ,  -6.81274499, -12.29747199,   6.84460032,
         5.98594787,  -2.66844958,  -2.38124514, -14.20073247,
         1.02508651, -10.11634502,   3.67324531,   3.74962635,
         6.86508729,  12.54262499,  -1.13114694,  -1.83331946,
         3.2113413 ,  -6.89286824,  -8.67975889, -14.1770353 ,
        -2.63693519,   8.63465156,  -5.23867515,  -6.67554751,
        -2.51711493,  -1.28657351,   7.71458592,   9.65900777,
         9.39882978,  -9.40467453, -16.21728356,   3.37631997]), array([  9.04110405,  11.10879484,   7.40081095,  14.19181229,
        -6.0956336 , -22.98005428,   2.49460065,  -4.5343006 ,
         3.76091771,  20.14617014,   5.40568933,   9.81002557,
        16.50165579,  -4.75440024,  -0.9627921 , -26.51596625,
         0.1433385 , -16.09562919,  14.13291934,   6.1253468 ,
        14.43797453,  10.88052218,   3.37874171, -13.40948793,
         3.7974286 , -10.75632229, -24.19043039,  -6.98322539,
       -12.66322857, -18.057166  ,  -6.78584384,  21.17954877,
         8.48251531,  10.74368988,  -1.1868483 ,   8.19985556,
       -15.46433623, -20.14776137,   8.20464598,   4.38370134,
       -14.84073942,  22.89712571,  -4.9122768 ,  -7.31536961,
        -2.41896026,  -6.10521865,  12.428918  , -18.2077534 ,
        -6.08071177,  15.42103317,  -8.12024501,   8.38870803,
         4.95671902,  -8.49421836,  10.32276034,  24.54079384,
        13.47651139,   6.94622163,   5.46484705,  -6.81637527,
        21.81985128, -27.89325133, -16.1638228 ,  -1.17386889,
        15.34690148, -12.63901958,  -9.05491628, -10.66670066,
       -28.95785359,  -3.03848165,   6.82990451, -23.87903422,
         4.88257704,  -5.67561033,  13.34602892,  12.74193554,
        14.78260653,   2.47138447,  -8.47486234,   2.30116589,
         7.73325205,   7.80979987, -24.47651491,   1.47711791,
        -3.64716775,   1.8636674 , -22.55836546,  17.21288553,
        -0.07409188,  -7.01010722,  -6.16435185,  12.47214014,
       -24.67673234,  22.70933037,  -5.73940347, -24.80972135,
        -9.08235337, -21.14702827,   8.57721396,  13.65473158,
       -14.40987736,   0.90206615, -16.47594632,  -1.12887415,
        12.40877166, -11.28836097,  -0.49243234,  -0.87629147,
       -27.61111981,  -1.94918562, -31.37493075,  -1.14137044,
        -6.25543298,   0.80666244,  -6.51204403,  -2.57948326,
        17.01642295, -14.48670283,   4.76197624,  11.49390706,
        11.72241384,   5.91953161, -11.81085929, -21.85382916,
        26.26378472, -13.94845102,  -5.24886253,  10.72729491,
        -3.89215306,  -5.56911381,  -8.25002909,  -4.44023477,
       -11.81869521,   9.40366302,  11.29790785,   8.75456683,
         0.90576014,   8.87775205,  18.64311054,  -0.25305002,
        10.71457108,  -9.09326312, -12.75277188,   8.54219586,
         2.4189828 ,   4.1491673 ,   8.40286353,  10.9128882 ,
       -22.59378029, -15.89113346,   1.38015712,  36.09241328,
       -11.92921465,   4.14479014,  -7.19161189,   3.86754178,
         4.49826089,  -4.07439105,  -3.87207177,  -5.28020544,
       -22.03876324,   5.40050495,  -3.84563006,  29.40340587,
       -14.44656959, -10.87464229,   2.31291214,  -5.30132759,
         4.99833983,  -0.79050665,  -7.90478176, -22.58512062,
        -6.90291052,  -2.10244098, -16.8626277 ,   9.41221708,
         2.86657038,  -3.61938713,  -1.35911651,   3.91365653,
         8.26092699,  -1.68016426, -16.8766858 ,  -6.00504065,
         4.79042748,  16.37625162,   6.36860804, -17.38620114,
        19.4863436 ,  22.23553836,   5.28736772,  -3.38197473,
       -19.79501963,   4.56623405, -25.37314119, -24.45673552,
         1.49880217,   7.90887763,  -3.16265537,  -5.59664629,
       -16.79946268,   2.41951148,   4.16260001, -14.51419379,
        11.28002802,  -0.30695615,   1.12031271,  13.47258186,
        21.51619333,   3.73946455,   1.24254885,  -0.73514532,
        -0.86221966,  -0.9809103 , -10.72776629,  -9.55222358,
       -24.21000093,  -3.12300029,  34.85204098,   3.17606115,
        13.0478124 ,  -2.29022874,  23.21767795,   6.87287176,
        10.78110158,  -1.65842986,  22.32413667,  -1.89318269,
        -2.64017281,  28.85921437,   7.66237346,  -9.57618018,
         2.36516032,   2.84732432,  12.23608691,  -9.39175668,
         1.73252225,  -7.29030545,  15.53434503,  -8.67385322,
         9.93795258,  -8.29735205,  -4.51334499,   5.68040302,
        -3.12506524,   3.73420188,  -5.29041355,  -1.99866107,
       -16.81749925,   1.88689189,  -0.61634073,  -9.17794049,
        -7.14501905,  -2.04352928,  -8.0951665 ,  19.54763126,
       -27.63933718,  -4.77368665,  -9.46280725,  -3.84198941,
        19.27833916,   6.45618235,  -1.48503037, -25.80782086,
         0.11297435, -13.69347155,  -6.76465859,  16.3352775 ,
         2.40423919, -12.47649036,  -5.41687306,   2.78441332,
        -8.70382149,  -6.4679893 , -13.58225846, -15.53288539,
        12.44544563, -12.14650875,  16.84289817,   5.6471725 ,
         4.46330545,  26.67736739,   9.39235348,   7.64506702,
        22.05212412, -14.14429388, -18.52533185,  -7.09873501,
        -1.7735993 ,   1.54859163,  -3.5867576 ,   4.58597698,
        -7.85775119, -14.74110126,  10.32783593,  11.19881664,
         2.76118679, -16.95965445, -29.23141   ,   5.4400375 ]), array([  1.11879046,  10.83631831,   4.84016369,   8.57142094,
         3.57854888,  -6.97820179,  -4.3543938 ,  10.77219611,
         4.19839413,  19.37078321,   0.91968565,   5.6406977 ,
        13.75703596,   9.15750352,  14.81726154, -15.6223771 ,
        -7.85229757,  -5.1399322 ,   1.25085042,   4.29654099,
        -3.41186975,   4.19910557,   0.56477432, -14.5076105 ,
        -4.00290557,  -5.68921492,  -6.82277705,   1.15171518,
       -10.15395341,  -5.75494755,  -0.52995523,  14.15438676,
        13.61299457,  -0.65020973,  -2.94182557,   6.74372683,
        -1.24181576, -12.66790655,  -4.31275038,  -5.46534882,
        -9.35634455,  -2.94115116,  -0.53719611,   3.98557395,
       -13.89251751,  -6.64829443,  12.05879495,  -8.16738133,
         1.8862052 ,   5.12135731,   0.68900467,   8.16223926,
        -1.9177217 ,   5.06817366,   4.79438237,   9.97384479,
        -1.3823733 ,   9.62706971,   6.47806517,   3.57853213,
        17.59935544, -12.21934205,   3.52888341,  -1.04939131,
        -4.39873266, -15.24723772,   2.13830645,  -0.70012631,
       -14.25544816,  -3.23363011,   0.67148755,  -4.08884688,
        -5.12850739,  -4.03696136,  18.16874477,  -0.91912568,
         5.28666371,  -0.12256059,  -1.06874447,   9.36521354,
        16.19839067,   5.0817412 , -11.40362692,  -3.66411768,
         2.49206101,  -2.46241012,  14.93060177,  -0.46693411,
        12.08756722,  -6.09539384,  -8.11843267,   8.34717798,
         0.48509832,  -2.57331693,   6.16636809,   0.33768934,
        14.36084893, -27.10925417,   9.50968596,   5.82449183,
         4.63926822,  -3.87409987,  -3.12143666,   8.69125113,
         7.27159556,  -2.28363256,  -9.07232354,   3.667742  ,
         3.82215339,  11.20980623, -18.29347888, -10.81831997,
         0.66424727,  -5.60773502,   6.53373696,  -8.50642927,
         7.23780443,  -9.77917688,  12.80511528,  -8.38531397,
        15.88442297,   3.77163377,  -1.82478957,  -4.00504595,
        19.43171594, -17.72202494,  -2.05692554,   9.81768943,
        -9.2800388 ,  -1.72388408,   1.14912979,   0.7565171 ,
       -14.67869924,   1.97134858,  16.97070514,  -0.77336904,
         4.73817504,  -4.86333236,  -1.98665743,  -3.37162611,
         3.3793572 ,  -5.27518943,  -4.29777458,  -1.45863085,
        -2.27679128,  10.26430353,  20.21757662,  -1.6326744 ,
        -4.96297331,   5.5050472 ,  -7.82650044,  26.56211593,
        -2.80100861,  -8.41061854,   3.94304349,   1.15420091,
         4.03108531,   2.28958588,  -3.98525821,  -6.16976489,
        -9.89840344,  -4.15493177,   4.38522276,  19.32780641,
        -8.96747333,   8.51142475,   2.56192808,  -2.8468601 ,
        -1.96016063,  -9.38364115,   2.84391454,  -6.77011345,
       -12.72962863,  -0.26858582,   8.3100792 ,   7.59237379,
         5.43833774,   8.82725446,  -1.90391423,  16.0308197 ,
        11.02846292,   2.07818988, -16.15585428,  -6.0368772 ,
         7.48406346,   8.79928095,   2.35874363,   1.45979472,
         8.75875726,  12.47004148,   3.34876083, -13.37032402,
       -11.63351542,  -2.63691604, -10.22529438,  -2.74780515,
        -1.8721297 ,  10.48739624,  10.63634533,  -9.66158079,
         0.97306385,   7.35674007,  -0.62222585,   1.19288886,
         2.68034894, -13.75443879,  -2.57923526,   5.92514056,
         9.5380435 ,   5.99123122,  13.57337669,  -1.56618485,
        -3.40066431,  -9.19412173,  -2.87261699, -14.49549438,
       -16.74971977,  -2.88765927,  23.85102239,  -0.14101504,
         1.84776624,  -5.27962737,  17.87642211,  -3.99701665,
        11.23697517,   0.48398116,  16.59312657,  -0.49227205,
       -15.13432072,  -0.6258578 ,  -0.69364595,   1.52272104,
        -1.73268938,   6.52806561,   7.10321766,  -4.5918113 ,
        11.93041633,  -7.11999106,   9.40077293,  -2.20241575,
        -1.32860047,  11.11976762,  -2.51282997,   7.79167718,
        -2.39894294,   6.34396875,  -2.39676647,  -9.7929441 ,
         6.48759475,   7.0137938 ,  13.03241167, -21.47214301,
         8.07238279,  -8.99885677, -17.93068587,  20.28127395,
        -5.30266642,  11.25342295,  11.80385464,  -1.25927314,
         4.58188504,   3.61342373,   9.1769723 ,  -0.36868949,
         6.10460708,  -8.95981942, -13.87626761,   7.34850576,
        -6.49024035, -12.22902945,  -8.86145753,   5.28085569,
        -9.51317597,   1.2205599 ,  -9.83525859,   3.63393131,
         7.4957462 ,   4.95894949,   7.07005365,  19.02383702,
        -8.55635905,  20.31393212,  -7.93768242,   8.96643121,
         7.83037353,   3.18552474, -10.1750229 , -12.5602963 ,
         3.06216091,   6.81519497,  13.47911507,   4.02787471,
         1.52480931,   1.12865948,  -1.08720012, -13.51276054,
        10.73889764, -19.14635778,  -6.66169941,   1.07453259]), array([-10.61206503,  10.20476478,   7.29591361,  -9.70584583,
       -11.44157462,  -7.02343032,  -4.62341577, -10.09999761,
        -2.16508811,  14.25124224,   4.08600233,  -2.88002115,
         5.97801626,  -5.83271966, -12.84291829, -20.47089034,
       -14.35771374,  -3.24267852,   6.61697263,  -5.18106051,
        -3.99905479,   1.15885615,   2.64384271, -13.63391554,
        -3.9466996 ,  15.87682937,  -5.3287732 ,   1.17191064,
        -3.93976325,  -8.82281958,   2.29122771,  12.42735211,
        -5.76721755,   8.12513024,   4.82505947,   2.4673536 ,
        -8.20190777,   1.45306894,   7.87124314,   7.13434473,
       -10.97179899,   8.2245965 ,  -7.07093015,  -0.06760579,
        -9.63602686,  -3.37534204,   4.61883149,  -1.69354442,
         1.91471326,  15.05283368,  -7.12197256,   2.35194761,
         3.08976102,  -1.25301188,   2.91445416,   3.46729502,
         8.41190645,   1.31119624,  14.59422641, -12.79934276,
        29.90557089, -15.05224916,  -0.64959237,  -0.29494168,
        -9.15595426, -10.89915189,  -6.11696249, -10.54235725,
       -12.32381248,  13.60685855,   5.97219624,   5.45454508,
        -2.54320647,   8.23694672,  29.34536104,  -1.47070776,
         3.2631423 , -12.99269757,  10.50040618,   1.89634161,
       -15.65750496,  -8.20475207,  -0.61940894,  -2.3418497 ,
         0.84452005, -13.33812238,  -3.4474504 ,   4.51192117,
        11.02839035,  -2.4790481 ,   8.23847485,  22.84697935,
       -15.11545205,   7.37526516,  -7.76293948,  -5.21134996,
        -1.73164284,  -4.02263929,   2.12864557,   5.20229875,
        -5.45290423,  -3.16263589,   2.42967305,   7.32945597,
         5.18408553,  -4.49918592,  15.92100211,   2.65130147,
       -22.92773364,  12.19051011, -11.23291747, -14.80882484,
         1.94790572,  -9.40757802, -11.21043643,   0.21537012,
         8.92993395,  -2.19323833,   3.51323134,  12.58067715,
        -2.07958481,  -2.56877458,   1.50528112,  -4.36091536,
        -0.45722432, -16.06329715,  -7.99311811,   4.60232427,
        -8.90138754,  -4.17203866,  -1.65068841,  10.07619037,
        -4.20459322,  -3.23219877,   4.53162718,  12.55532312,
        10.65923145,   3.10150684,   1.41788201,   0.46874367,
         9.51164774, -13.53839785,  -3.27749518,   7.72585508,
         2.11965053,   3.03299275,  -1.51175097,   1.80485892,
       -13.66818538, -15.46646897,   2.40183832,  17.50991117,
       -12.9141384 ,   3.26644948,  -7.37636866,  -5.8890705 ,
        -3.78640219,   4.68096162,   2.81528944,  -2.21829047,
       -16.11050826,   4.51069984,  -4.1801424 ,  20.72239973,
        -5.12447724,   0.51856707,   9.21927285,  -7.54873395,
       -10.02438523,   0.12174771, -12.93951335,  -6.65181583,
       -11.3979894 ,  -8.89849168,  -6.65480033,   5.08492406,
        -1.17284181, -13.65372732,  -6.00981687,   4.68175596,
        15.64792833,   4.39673625, -16.05865771,   5.11491266,
         6.26991227,   3.33301619,  13.84042095, -15.69932871,
         5.60202717,   5.9231315 , -15.49475114,  -5.99516371,
        -2.99556825,  -2.67790626,  -2.49169969,   1.74957998,
        -6.72812116,  -4.87885854,  -8.45509151,   6.56229034,
       -13.03515285,  -0.4016168 ,  16.29904294,  -4.73377359,
         8.83926316,  -9.87112415,  -2.51535615,   9.65633262,
        12.80249411,  -5.94672859,   6.27416086,  -1.84426673,
         4.8224787 ,   1.28860415,  -0.9864478 ,   1.93573957,
       -13.20125759,   5.37043454,   3.54061696,   7.71108836,
         5.40544462,  -1.37981014,  11.29009432,   0.15371921,
         2.97768697,  -4.48657043,   4.35812443,  -7.60392314,
         2.64344454,   2.55329093,   5.36963521,   4.10696474,
         9.78029098,   3.84474523,  15.5650427 ,  -6.67987984,
        -3.0610202 ,  -0.87404352,  -2.8760111 ,   6.91409316,
         0.03684708,  -1.39827634,   8.54400468,  -1.36540571,
        -0.87434112,   0.74468985, -10.43362153,  -7.33873965,
       -11.52774502,  -4.4701975 ,   0.72783012, -12.04620361,
        -5.01607504,   6.21627415,  -3.476414  ,   9.59784563,
       -12.55868644,  -2.7977967 ,  -6.33698228,   3.44838583,
        16.49176739,  -6.33125499,  -9.44974138,  -6.03957347,
         1.19487493, -12.69156235,  -4.78810862,   0.23877729,
        -1.9153243 ,   4.60868183,  -2.03583393,   0.54887941,
         2.29098181,  -2.69913775,  -6.46271506,  -4.4776845 ,
         1.7899642 ,  -1.73391524,   1.19529052,  -4.20486933,
         4.23536482,  -1.11783615,   7.37026405,  11.11430357,
         8.07319787,  -7.6159777 , -16.58431518,  -6.24326652,
        -7.71567753,   4.36463128,  -0.47366503,  12.67391116,
       -17.2274859 ,  -4.26730134,  -5.204375  ,   0.8259698 ,
        -1.43541469, -16.91149909, -13.26458162,   1.04673474])]